point2  1693918993.96  -0.067675156  -1.170794312  0  0  0  0
point2  1693918998.96  -0.06768840344519189  -1.1708199436387716  0  0  0  0
point2  1693919003.96  -0.06769206889508254  -1.1708187585918834  0  0  0  0
point2  1693919008.96  -0.06768738305990743  -1.1708007812196508  0  0  0  0
point2  1693919013.96  -0.06768490371901935  -1.170836665133959  0  0  0  0
point2  1693919018.96  -0.0676775996656899  -1.1708231624732797  0  0  0  0
point2  1693919027.59  -1.0410496764869115  -0.5993837011929793  0  0  0  0
point2  1693919027.71  -1.0633069631963659  -0.5887776317139266  0  0  0  0
point2  1693919027.83  -1.11220556939988  -0.5730877925003608  0  0  0  0
point2  1693919027.96  -1.170047681935405  -0.5736458684913893  0  0  0  0
point2  1693919028.08  -1.2311067103730984  -0.6057778447421108  0  0  0  0
point2  1693919028.21  -1.3060840096507402  -0.64751176526072  0  0  0  0
point2  1693919028.34  -1.394107520127635  -0.6704047738542936  0  0  0  0
point2  1693919028.46  -1.4884176346465392  -0.6874914113136006  0  0  0  0
point2  1693919028.59  -1.574358689915246  -0.6983990856631824  0  0  0  0
point2  1693919028.71  -1.6208081835298311  -0.7058644001311686  0  0  0  0
point2  1693919028.84  -1.6150688120229224  -0.7118893391019627  0  0  0  0
point2  1693919028.96  -1.578518490816913  -0.7038399329991748  0  0  0  0
point2  1693919029.09  -1.5269775659926297  -0.6742401763795975  0  0  0  0
point2  1693919029.21  -1.467931406361609  -0.6457741658349218  0  0  0  0
point2  1693919029.33  -1.4059985713784768  -0.6093953370533063  0  0  0  0
point2  1693919029.46  -1.3391785583397124  -0.5631094359317168  0  0  0  0
point2  1693919029.59  -1.2714898595676212  -0.5124896027381898  0  0  0  0
point2  1693919029.71  -1.2019720839018762  -0.4637164015662819  0  0  0  0
point2  1693919029.71  -1.2019720839018762  -0.4637164015662819  0  0  0  0
point2  1693919029.84  -1.116359945379292  -0.4084945056176489  0  0  0  0
point2  1693919029.96  -1.0444345890954805  -0.36134330456841474  0  0  0  0
point2  1693919030.09  -0.9865607185224736  -0.29808004083588396  0  0  0  0
point2  1693919030.22  -0.9198704942530569  -0.2079592008468339  0  0  0  0
point2  1693919030.34  -0.8515319267502742  -0.11115128731823692  0  0  0  0
point2  1693919030.47  -0.7863444689933469  -0.011994462866401396  0  0  0  0
point2  1693919030.59  -0.74791089304702  0.06232431745877766  0  0  0  0
point2  1693919030.72  -0.7436328765252566  0.10404956522885231  0  0  0  0
point2  1693919030.84  -0.75275339231404  0.11019223783174341  0  0  0  0
point2  1693919030.96  -0.7649127695676313  0.1194537885265375  0  0  0  0
point2  1693919031.09  -0.7782691952540025  0.1490484940632385  0  0  0  0
point2  1693919031.22  -0.7819355736777207  0.2050843914698906  0  0  0  0
point2  1693919031.34  -0.7924531021084995  0.2766787755656204  0  0  0  0
point2  1693919031.46  -0.7976642050603633  0.3438285779694256  0  0  0  0
point2  1693919031.59  -0.7978334819930352  0.3917165211330729  0  0  0  0
point2  1693919031.71  -0.8110530595942003  0.40841276492138745  0  0  0  0
point2  1693919031.84  -0.8423241875298603  0.3991803790776193  0  0  0  0
point2  1693919031.96  -0.8910315860875436  0.4215970348547888  0  0  0  0
point2  1693919032.09  -0.9331575930070071  0.4782285222223076  0  0  0  0
point2  1693919032.21  -0.9544971290372379  0.5235669905726447  0  0  0  0
point2  1693919032.34  -0.948280275455103  0.5900679585638462  0  0  0  0
point2  1693919032.47  -0.9230228188488212  0.653191492079881  0  0  0  0
point2  1693919032.59  -0.8953524666028578  0.698716188574173  0  0  0  0
point2  1693919032.72  -0.8916995536165885  0.7405485024528496  0  0  0  0
point2  1693919032.84  -0.8997368414394105  0.76153971566919  0  0  0  0
point2  1693919032.96  -0.9090158018623445  0.7761037734900245  0  0  0  0
point2  1693919033.09  -0.9082635489159827  0.7621355388694401  0  0  0  0
point2  1693919033.21  -0.9182761561338011  0.7237870030118976  0  0  0  0
point2  1693919033.34  -0.9501010979962302  0.6654482617028962  0  0  0  0
point2  1693919033.46  -0.98943125251052  0.5999211071092135  0  0  0  0
point2  1693919033.59  -1.020157131646282  0.529132310705773  0  0  0  0
point2  1693919033.71  -1.0450630344371006  0.4623172440943579  0  0  0  0
point2  1693919033.84  -1.0690575188990241  0.3843176148955009  0  0  0  0
point2  1693919033.96  -1.0793022299522463  0.30404379698832684  0  0  0  0
point2  1693919034.09  -1.0694058296204374  0.20757070254794394  0  0  0  0
point2  1693919034.21  -1.0585262416606203  0.12326260411376483  0  0  0  0
point2  1693919034.34  -1.066781653361667  0.05361216518452645  0  0  0  0
point2  1693919034.46  -1.0785795743349826  -0.007350362256857758  0  0  0  0
point2  1693919034.59  -1.090809931246177  -0.08742702865011229  0  0  0  0
point2  1693919034.71  -1.1234082909858758  -0.1579036684323365  0  0  0  0
point2  1693919034.84  -1.1585254667346503  -0.24336071201823137  0  0  0  0
point2  1693919034.97  -1.1777019087449647  -0.33228041030264366  0  0  0  0
point2  1693919035.09  -1.181529583598156  -0.39758497415856  0  0  0  0
point2  1693919035.21  -1.133617110503059  -0.4786822034593024  0  0  0  0
point2  1693919035.34  -1.0501239605309114  -0.5822250509259429  0  0  0  0
point2  1693919035.46  -0.9868022362606828  -0.6562718453666831  0  0  0  0
point2  1693919035.59  -0.9595346673600451  -0.7158476906195618  0  0  0  0
point2  1693919035.71  -0.9292833112047837  -0.7836035951817649  0  0  0  0
point2  1693919035.84  -0.8687292178150494  -0.8774059118472359  0  0  0  0
point2  1693919035.96  -0.803214557827196  -0.9690364040480747  0  0  0  0
point2  1693919036.09  -0.7286742013668064  -1.064720614974331  0  0  0  0
point2  1693919036.21  -0.6413335939501984  -1.138454371287003  0  0  0  0
point2  1693919036.34  -0.5328588441841658  -1.1948080598245072  0  0  0  0
point2  1693919036.46  -0.43060540407736797  -1.228529053373603  0  0  0  0
point2  1693919036.59  -0.31089207721071577  -1.2494644308683684  0  0  0  0
point2  1693919036.72  -0.18699738446364025  -1.2589770488771346  0  0  0  0
point2  1693919036.84  -0.09415587053941127  -1.2719782382965388  0  0  0  0
point2  1693919036.97  -0.0016990821404981073  -1.300624635886581  0  0  0  0
point2  1693919037.09  0.09782613395633533  -1.3375397188420486  0  0  0  0
point2  1693919037.22  0.22211087233574617  -1.3841928417946328  0  0  0  0
point2  1693919037.34  0.3372634360180178  -1.4239897952556264  0  0  0  0
point2  1693919037.46  0.4513749279708743  -1.451417693359617  0  0  0  0
point2  1693919037.59  0.573573216984668  -1.468530089645131  0  0  0  0
point2  1693919037.71  0.6948001394214733  -1.4747375061796177  0  0  0  0
point2  1693919037.84  0.8336200474889778  -1.4614682498304494  0  0  0  0
point2  1693919037.97  0.9545493752501432  -1.449158537445926  0  0  0  0
point2  1693919038.09  1.041422567209004  -1.4512658868205266  0  0  0  0
point2  1693919038.21  1.1396346886236552  -1.4506567699018083  0  0  0  0
point2  1693919038.34  1.2721062758516966  -1.4354079117780336  0  0  0  0
point2  1693919038.46  1.3962264801860802  -1.4139877085978012  0  0  0  0
point2  1693919038.59  1.5089346122268352  -1.374173464605302  0  0  0  0
point2  1693919038.71  1.5880615842278993  -1.3211720542151257  0  0  0  0
point2  1693919038.84  1.6550538563016899  -1.2383117661229877  0  0  0  0
point2  1693919038.97  1.6947214186180914  -1.135301460254629  0  0  0  0
point2  1693919039.09  1.705845428999033  -1.0345438125266704  0  0  0  0
point2  1693919039.22  1.707756288858713  -0.9385688006987903  0  0  0  0
point2  1693919039.34  1.724257742601061  -0.862260261049574  0  0  0  0
point2  1693919039.46  1.7490172526043337  -0.7777495103503089  0  0  0  0
point2  1693919039.59  1.7851126690926136  -0.6665969252084987  0  0  0  0
point2  1693919039.71  1.8212259363647465  -0.549888738286516  0  0  0  0
point2  1693919039.84  1.8521186369648015  -0.41389893446221515  0  0  0  0
point2  1693919039.96  1.8620621941365147  -0.2900367840881788  0  0  0  0
point2  1693919040.09  1.8574113970121013  -0.1552678047775231  0  0  0  0
point2  1693919040.21  1.8427404156285851  -0.023280770808964388  0  0  0  0
point2  1693919040.34  1.822141407821266  0.12630833105477818  0  0  0  0
point2  1693919040.47  1.8131685740539751  0.25844690791530145  0  0  0  0
point2  1693919040.59  1.8265746400795162  0.3708016096606266  0  0  0  0
point2  1693919040.72  1.8571959582276545  0.5026772451016275  0  0  0  0
point2  1693919040.84  1.8995191485957033  0.636898300426051  0  0  0  0
point2  1693919040.96  1.9440606115966768  0.774863668221318  0  0  0  0
point2  1693919041.09  1.9596397976312114  0.9019777319591922  0  0  0  0
point2  1693919041.21  1.9563541053497036  1.0189314906387867  0  0  0  0
point2  1693919041.34  1.9462874611176426  1.1674137976067342  0  0  0  0
point2  1693919041.47  1.932459090009336  1.3287880555517895  0  0  0  0
point2  1693919041.59  1.9224220518936506  1.465616989985362  0  0  0  0
point2  1693919041.72  1.9238712371430708  1.5882429600305386  0  0  0  0
point2  1693919041.84  1.9299134003111118  1.7058081507048042  0  0  0  0
point2  1693919041.96  1.9450267892950164  1.8368120510594892  0  0  0  0
point2  1693919042.09  1.9674299082903681  1.9889124107976581  0  0  0  0
point2  1693919042.22  1.9851520124069981  2.137771114952988  0  0  0  0
point2  1693919042.22  1.9851520124069981  2.137771114952988  0  0  0  0
point2  1693919042.34  1.982403422020193  2.267259678377024  0  0  0  0
point2  1693919042.47  1.977044833106335  2.409713193842265  0  0  0  0
point2  1693919042.59  1.9681842483554604  2.5466751027545116  0  0  0  0
point2  1693919042.72  1.9459681603176686  2.692676272386418  0  0  0  0
point2  1693919042.84  1.9268796938046728  2.815040302145175  0  0  0  0
point2  1693919042.97  1.9204425794045548  2.939295944464351  0  0  0  0
point2  1693919043.1  1.9256057861899616  3.071353831376243  0  0  0  0
point2  1693919043.22  1.9394855392327082  3.1987246235199023  0  0  0  0
point2  1693919043.34  1.9521811952559234  3.3285560820238818  0  0  0  0
point2  1693919043.47  1.9441893024358834  3.457700165181563  0  0  0  0
point2  1693919043.59  1.9199438710955747  3.5738531940369036  0  0  0  0
point2  1693919043.72  1.8822515245359064  3.7047881355124455  0  0  0  0
point2  1693919043.84  1.8370915080069914  3.8287063060935393  0  0  0  0
point2  1693919043.97  1.7930857250918688  3.953702469792458  0  0  0  0
point2  1693919044.09  1.7709238632251687  4.060182527226509  0  0  0  0
point2  1693919044.22  1.755432370212005  4.180472036688402  0  0  0  0
point2  1693919044.35  1.7497520438214376  4.312318833560718  0  0  0  0
point2  1693919044.47  1.7457967663426128  4.438766513078594  0  0  0  0
point2  1693919044.59  1.731059712966881  4.557286571446813  0  0  0  0
point2  1693919044.72  1.7034859559659137  4.673568228068347  0  0  0  0
point2  1693919044.84  1.658970269904649  4.774297128041207  0  0  0  0
point2  1693919044.97  1.5897313798195525  4.882279048022717  0  0  0  0
point2  1693919045.09  1.5201074662856902  4.976669605122612  0  0  0  0
point2  1693919045.22  1.4553520708503949  5.073301838091869  0  0  0  0
point2  1693919045.34  1.4044677839092663  5.15834009111957  0  0  0  0
point2  1693919045.47  1.3436127878287432  5.248273824868224  0  0  0  0
point2  1693919045.6  1.2734370530990624  5.340268821645294  0  0  0  0
point2  1693919045.72  1.1958682554458113  5.430658662400177  0  0  0  0
point2  1693919045.84  1.1071376424782677  5.519197328447758  0  0  0  0
point2  1693919045.97  1.0016819696858548  5.589901431190175  0  0  0  0
point2  1693919046.1  0.8827694233680186  5.640811709672084  0  0  0  0
point2  1693919046.22  0.7642585780585595  5.673883558669302  0  0  0  0
point2  1693919046.34  0.6370571068175794  5.693327661368939  0  0  0  0
point2  1693919046.47  0.5108217929658653  5.712840511746573  0  0  0  0
point2  1693919046.6  0.40609219138161773  5.74396629354574  0  0  0  0
point2  1693919046.72  0.3147555782728027  5.779715526461118  0  0  0  0
point2  1693919046.85  0.20522638231445725  5.831907343246882  0  0  0  0
point2  1693919046.97  0.09270072599869272  5.888552465624822  0  0  0  0
point2  1693919047.09  -0.026502379384424023  5.945473388271441  0  0  0  0
point2  1693919047.22  -0.14560447819197755  5.968224481365043  0  0  0  0
point2  1693919047.35  -0.2676922596486527  5.963761400357727  0  0  0  0
point2  1693919047.47  -0.39493882838291633  5.94166983962855  0  0  0  0
point2  1693919047.59  -0.5195939050205537  5.904356702619965  0  0  0  0
point2  1693919047.72  -0.6301700900876961  5.863975643373561  0  0  0  0
point2  1693919047.84  -0.716372722546917  5.854166775575481  0  0  0  0
point2  1693919047.97  -0.8203437637683086  5.847158011229867  0  0  0  0
point2  1693919048.1  -0.9417319423719888  5.831967959243696  0  0  0  0
point2  1693919048.22  -1.0587205067877419  5.805976045873017  0  0  0  0
point2  1693919048.35  -1.1585508035651246  5.757373735939066  0  0  0  0
point2  1693919048.47  -1.2372770735442606  5.693838688688831  0  0  0  0
point2  1693919048.59  -1.314264946777357  5.605969539020569  0  0  0  0
point2  1693919048.72  -1.3811096020501326  5.487697495123212  0  0  0  0
point2  1693919048.85  -1.424136859981029  5.370282385383737  0  0  0  0
point2  1693919048.97  -1.4526228683674467  5.284323288041056  0  0  0  0
point2  1693919049.09  -1.4916998014678287  5.2030825851920355  0  0  0  0
point2  1693919049.22  -1.5468436721314947  5.102683554644627  0  0  0  0
point2  1693919049.35  -1.6102326048583353  4.980949584968562  0  0  0  0
point2  1693919049.47  -1.6674449407769771  4.858411977998973  0  0  0  0
point2  1693919049.59  -1.7097508117211686  4.746692549045191  0  0  0  0
point2  1693919049.72  -1.736597784724739  4.62194520650328  0  0  0  0
point2  1693919049.85  -1.7487495326421816  4.4805699633228855  0  0  0  0
point2  1693919049.97  -1.7473991061539804  4.335398568816773  0  0  0  0
point2  1693919050.09  -1.7380890337571377  4.194510078930968  0  0  0  0
point2  1693919050.22  -1.7454880663580206  4.081247222658012  0  0  0  0
point2  1693919050.35  -1.7704279530111817  3.9748613640601476  0  0  0  0
point2  1693919050.47  -1.799530557778954  3.8591384587628745  0  0  0  0
point2  1693919050.6  -1.83173382376657  3.7073372039948316  0  0  0  0
point2  1693919050.72  -1.851466948398353  3.5579097715737955  0  0  0  0
point2  1693919050.84  -1.8545520376926388  3.4261703964150825  0  0  0  0
point2  1693919050.97  -1.8409814137802987  3.284309031162566  0  0  0  0
point2  1693919051.09  -1.8191967888340461  3.1448234828361126  0  0  0  0
point2  1693919051.22  -1.785946216905303  2.9912060153289786  0  0  0  0
point2  1693919051.35  -1.7544644045792919  2.8530519637200706  0  0  0  0
point2  1693919051.47  -1.7439323986899902  2.7438093582212155  0  0  0  0
point2  1693919051.59  -1.7424829583221846  2.6317963420932227  0  0  0  0
point2  1693919051.72  -1.7477811660672065  2.488042999925641  0  0  0  0
point2  1693919051.84  -1.7581338099865673  2.341730665788798  0  0  0  0
point2  1693919051.97  -1.7547959968746853  2.195192572957942  0  0  0  0
point2  1693919052.1  -1.7382244168977676  2.05709221415192  0  0  0  0
point2  1693919052.22  -1.7178567114295362  1.9248528155793638  0  0  0  0
point2  1693919052.35  -1.6956354692794835  1.7748394325884056  0  0  0  0
point2  1693919052.47  -1.668929205774977  1.6409079948953136  0  0  0  0
point2  1693919052.59  -1.644615182207879  1.524805780245954  0  0  0  0
point2  1693919052.72  -1.641681862953479  1.4139119102408446  0  0  0  0
point2  1693919052.85  -1.6439103819407042  1.2928374310172346  0  0  0  0
point2  1693919052.97  -1.6490232027202494  1.1705261553223938  0  0  0  0
point2  1693919053.09  -1.6550414143885308  1.0404920579205788  0  0  0  0
point2  1693919053.22  -1.6509909315141622  0.908808605660935  0  0  0  0
point2  1693919053.35  -1.636194054563866  0.7748344358289901  0  0  0  0
point2  1693919053.47  -1.611835935498684  0.6414455957337778  0  0  0  0
point2  1693919053.59  -1.5783575170397297  0.5017884063091521  0  0  0  0
point2  1693919053.72  -1.5435304326320956  0.3669843786137274  0  0  0  0
point2  1693919053.84  -1.5390403003042725  0.27606934356361634  0  0  0  0
point2  1693919053.97  -1.5472522070073746  0.18535825451769578  0  0  0  0
point2  1693919054.09  -1.5651191743497344  0.08659046323263786  0  0  0  0
point2  1693919054.22  -1.5988055244785087  -0.03208414507007229  0  0  0  0
point2  1693919054.35  -1.635176351778745  -0.15910088315935705  0  0  0  0
point2  1693919054.47  -1.6522068623147173  -0.2709020974208057  0  0  0  0
point2  1693919054.6  -1.6456154626334347  -0.3922520145353972  0  0  0  0
point2  1693919054.72  -1.6230420662932903  -0.5070204155161848  0  0  0  0
point2  1693919054.72  -1.6230420662932903  -0.5070204155161848  0  0  0  0
point2  1693919054.85  -1.5835609149983092  -0.6312379688944898  0  0  0  0
point2  1693919054.97  -1.5397936272510586  -0.7266850048678759  0  0  0  0
point2  1693919055.1  -1.5149273707961997  -0.8085656800156313  0  0  0  0
point2  1693919055.23  -1.4968466454621723  -0.8962820584393894  0  0  0  0
point2  1693919055.35  -1.4734622641857558  -0.9952499619438087  0  0  0  0
point2  1693919055.47  -1.4386500081187055  -1.1057524007397002  0  0  0  0
point2  1693919055.6  -1.3889641736834528  -1.2212503044693426  0  0  0  0
point2  1693919055.73  -1.3258645458372624  -1.3181940820945295  0  0  0  0
point2  1693919055.85  -1.245293692396438  -1.3877026829511259  0  0  0  0
point2  1693919055.97  -1.1493165618075074  -1.449806977303731  0  0  0  0
point2  1693919056.1  -1.0301321188348942  -1.499409587126715  0  0  0  0
point2  1693919056.22  -0.9234960614905673  -1.5298506313471707  0  0  0  0
point2  1693919056.35  -0.8313859178005483  -1.5660461714493212  0  0  0  0
point2  1693919056.47  -0.7440048694210727  -1.6058490225938333  0  0  0  0
point2  1693919056.6  -0.6359871986840294  -1.6600557163410714  0  0  0  0
point2  1693919056.72  -0.5241373125032859  -1.712501329023868  0  0  0  0
point2  1693919056.85  -0.39766668188304444  -1.7564098180993122  0  0  0  0
point2  1693919056.97  -0.2863385314200696  -1.7782055819994669  0  0  0  0
point2  1693919057.1  -0.16089114173756008  -1.7821163378994478  0  0  0  0
point2  1693919057.22  -0.0377230773052576  -1.7725295111382284  0  0  0  0
point2  1693919057.35  0.09865057105531803  -1.7396353087890795  0  0  0  0
point2  1693919057.47  0.21200421857703752  -1.7096114543323897  0  0  0  0
point2  1693919057.6  0.3178311515505244  -1.702309465620716  0  0  0  0
point2  1693919057.73  0.4283979356313731  -1.7050433301834873  0  0  0  0
point2  1693919057.85  0.5430806923474615  -1.7161876567723802  0  0  0  0
point2  1693919057.98  0.6790178122055063  -1.7272213670773142  0  0  0  0
point2  1693919058.1  0.800113259472105  -1.7266926001417389  0  0  0  0
point2  1693919058.23  0.9221748291264973  -1.7063382307553976  0  0  0  0
point2  1693919058.35  1.0257477388817302  -1.6680162987676754  0  0  0  0
point2  1693919058.47  1.1197141938407242  -1.6142668144268137  0  0  0  0
point2  1693919058.6  1.2086190746208514  -1.5372265320808205  0  0  0  0
point2  1693919058.72  1.2873009237865216  -1.4694587235271324  0  0  0  0
point2  1693919058.85  1.3730349720228345  -1.4221162157884384  0  0  0  0
point2  1693919058.98  1.4591597782432346  -1.3805621453128862  0  0  0  0
point2  1693919059.1  1.5453336132572086  -1.3395966826478751  0  0  0  0
point2  1693919059.22  1.6365096036787594  -1.2871792963085373  0  0  0  0
point2  1693919059.35  1.7293147657867756  -1.2160805079059012  0  0  0  0
point2  1693919059.48  1.8036250323851355  -1.1263791407981802  0  0  0  0
point2  1693919059.6  1.8507658440879586  -1.023599871381288  0  0  0  0
point2  1693919059.73  1.875424350507911  -0.9090356985636159  0  0  0  0
point2  1693919059.85  1.872441796324838  -0.8007136298762505  0  0  0  0
point2  1693919059.98  1.8555811532930664  -0.6900855261632739  0  0  0  0
point2  1693919060.1  1.84491273198383  -0.6097676851220104  0  0  0  0
point2  1693919060.23  1.8338672255482733  -0.529522652207177  0  0  0  0
point2  1693919060.35  1.8315627140676234  -0.4538954603826846  0  0  0  0
point2  1693919060.48  1.831014533674437  -0.36835534630565  0  0  0  0
point2  1693919060.6  1.8129355239593485  -0.29758741926570315  0  0  0  0
point2  1693919060.72  1.7733611601091832  -0.24058324450857366  0  0  0  0
point2  1693919060.85  1.7070825434158583  -0.202097503943497  0  0  0  0
point2  1693919060.97  1.6326872087661601  -0.18450021955069812  0  0  0  0
point2  1693919061.1  1.5398028523049483  -0.1865412814618309  0  0  0  0
point2  1693919061.23  1.445978980046943  -0.19575740142280842  0  0  0  0
point2  1693919061.35  1.3678420900838515  -0.19768742159576552  0  0  0  0
point2  1693919061.47  1.2912922486775786  -0.19532885811805278  0  0  0  0
point2  1693919061.6  1.1980777270627925  -0.1861379350260911  0  0  0  0
point2  1693919061.72  1.0972336686339292  -0.174726831410682  0  0  0  0
point2  1693919061.85  0.9782021926544113  -0.1621015427983619  0  0  0  0
point2  1693919061.97  0.8712484937876516  -0.16818967718574043  0  0  0  0
point2  1693919062.1  0.756371761914003  -0.19750820246831863  0  0  0  0
point2  1693919062.22  0.6454484257227818  -0.23333706661402306  0  0  0  0
point2  1693919062.35  0.5152468250025382  -0.2760466655539028  0  0  0  0
point2  1693919062.47  0.3936476989088798  -0.3148080368386168  0  0  0  0
point2  1693919062.6  0.27583535651454566  -0.3390552770775352  0  0  0  0
point2  1693919062.72  0.1686145522685463  -0.3484952428350661  0  0  0  0
point2  1693919062.85  0.0498654446003842  -0.3512440125842699  0  0  0  0
point2  1693919062.97  -0.060004213464117453  -0.3525970939010071  0  0  0  0
point2  1693919063.1  -0.1787711408509581  -0.3528896070367012  0  0  0  0
point2  1693919063.22  -0.28261754967140873  -0.3582949421831259  0  0  0  0
point2  1693919063.35  -0.39182841588719536  -0.3700280592357666  0  0  0  0
point2  1693919063.48  -0.5132474562538338  -0.388048636047661  0  0  0  0
point2  1693919063.6  -0.643123656115275  -0.41522805040397526  0  0  0  0
point2  1693919063.72  -0.7680058409457209  -0.44407472733431563  0  0  0  0
point2  1693919063.85  -0.8856898550304683  -0.4550568259631535  0  0  0  0
point2  1693919063.97  -0.9888449116286908  -0.45475918541752647  0  0  0  0
point2  1693919064.1  -1.0998530609492263  -0.4430790475835988  0  0  0  0
point2  1693919064.22  -1.2040221384273995  -0.4278987517565012  0  0  0  0
point2  1693919064.35  -1.3143539354735077  -0.4122659123977658  0  0  0  0
point2  1693919064.48  -1.4252076639887405  -0.39935213965499056  0  0  0  0
point2  1693919064.6  -1.5292255969628652  -0.39039496102764387  0  0  0  0
point2  1693919064.72  -1.6372481605597105  -0.3808554731741722  0  0  0  0
point2  1693919064.85  -1.7597417152329085  -0.37488014955842175  0  0  0  0
point2  1693919064.98  -1.8777986875715624  -0.3648594743493148  0  0  0  0
point2  1693919065.1  -1.9684730337805043  -0.3396655107288952  0  0  0  0
point2  1693919065.22  -2.0294175799736207  -0.30373756776456284  0  0  0  0
point2  1693919065.35  -2.073589219897268  -0.2521433331494021  0  0  0  0
point2  1693919065.47  -2.1040485303998784  -0.19600717553239827  0  0  0  0
point2  1693919065.6  -2.1321750079420663  -0.1358128379428135  0  0  0  0
point2  1693919065.72  -2.157031450506991  -0.0792025281890957  0  0  0  0
point2  1693919065.85  -2.1846472361035802  -0.003961259604742126  0  0  0  0
point2  1693919065.97  -2.197001152455825  0.073064050221561  0  0  0  0
point2  1693919066.1  -2.1991317199285696  0.1620678968782449  0  0  0  0
point2  1693919066.22  -2.1924617027316895  0.25028537394463835  0  0  0  0
point2  1693919066.35  -2.1641584730633725  0.3338490582034556  0  0  0  0
point2  1693919066.47  -2.1121874257626656  0.39792836471527987  0  0  0  0
point2  1693919066.6  -2.031829482300328  0.4514303008266554  0  0  0  0
point2  1693919066.73  -1.937225455570796  0.4899271909789513  0  0  0  0
point2  1693919066.85  -1.849488676986457  0.5257380988716926  0  0  0  0
point2  1693919066.97  -1.7736065432474823  0.5687848524245911  0  0  0  0
point2  1693919067.1  -1.6891623990536653  0.6243935258566493  0  0  0  0
point2  1693919067.22  -1.6002290669077768  0.6872555565931144  0  0  0  0
point2  1693919067.23  -1.5918540600690705  0.6931013434071693  0  0  0  0
point2  1693919067.35  -1.4891153076103159  0.7629557958454537  0  0  0  0
point2  1693919067.48  -1.3724477716266879  0.8268660617749706  0  0  0  0
point2  1693919067.6  -1.2731084811185567  0.8566903558433595  0  0  0  0
point2  1693919067.73  -1.1667302087328477  0.8661095850765693  0  0  0  0
point2  1693919067.85  -1.0639855696591418  0.8591517698365562  0  0  0  0
point2  1693919067.98  -0.9442897620567063  0.8426725427907702  0  0  0  0
point2  1693919068.1  -0.8331510889381482  0.832705141441126  0  0  0  0
point2  1693919068.23  -0.7177657311340652  0.8365679332949892  0  0  0  0
point2  1693919068.35  -0.6033599660346383  0.8501408670159178  0  0  0  0
point2  1693919068.48  -0.46709559200575784  0.8728990822897401  0  0  0  0
point2  1693919068.61  -0.32753409272745826  0.8988487671256665  0  0  0  0
point2  1693919068.73  -0.20976278336914198  0.9151677346180619  0  0  0  0
point2  1693919068.85  -0.10533572760938625  0.9100187873179983  0  0  0  0
point2  1693919068.98  0.009732333590838863  0.8941472864128377  0  0  0  0
point2  1693919069.1  0.12656741011177258  0.8703887863767025  0  0  0  0
point2  1693919069.23  0.26057302922907843  0.8419974598975023  0  0  0  0
point2  1693919069.35  0.37607331891440016  0.8302286159665678  0  0  0  0
point2  1693919069.48  0.49769179234546973  0.8324001442772947  0  0  0  0
point2  1693919069.6  0.6080505991313386  0.8398337910446856  0  0  0  0
point2  1693919069.73  0.724459420927379  0.8610733385742018  0  0  0  0
point2  1693919069.85  0.8279742767889847  0.8937177166984729  0  0  0  0
point2  1693919069.98  0.9245425959699731  0.9299517227696198  0  0  0  0
point2  1693919070.1  1.0051748690509636  0.954801580926701  0  0  0  0
point2  1693919070.23  1.09519568138868  0.97845072911544  0  0  0  0
point2  1693919070.35  1.1761991089535269  0.9989248494319657  0  0  0  0
point2  1693919070.48  1.250234018991388  1.0301155642478683  0  0  0  0
point2  1693919070.6  1.3046768604224157  1.06838242026522  0  0  0  0
point2  1693919070.73  1.348395608856968  1.13126684943966  0  0  0  0
point2  1693919070.85  1.364422271716627  1.2118643254494874  0  0  0  0
point2  1693919070.98  1.3591079695592598  1.3136313099904513  0  0  0  0
point2  1693919071.1  1.3536568753008227  1.3932550891949427  0  0  0  0
point2  1693919071.23  1.360561223481918  1.4638712817711934  0  0  0  0
point2  1693919071.35  1.378328280586546  1.5347348501375475  0  0  0  0
point2  1693919071.48  1.4043346804016579  1.6250889227820438  0  0  0  0
point2  1693919071.61  1.4191820401510322  1.7222179063604073  0  0  0  0
point2  1693919071.73  1.411621115839766  1.8058384566948815  0  0  0  0
point2  1693919071.85  1.3887527407048157  1.8766882023644538  0  0  0  0
point2  1693919071.98  1.3358012949348117  1.9442748467925464  0  0  0  0
point2  1693919072.1  1.2597216094982513  1.9909664009755716  0  0  0  0
point2  1693919072.23  1.1553020948051833  2.0213715850097365  0  0  0  0
point2  1693919072.35  1.0644157285356362  2.0458068072751368  0  0  0  0
point2  1693919072.48  0.9734407717519526  2.0773082745904596  0  0  0  0
point2  1693919072.6  0.8805301521472249  2.1109920417387205  0  0  0  0
point2  1693919072.73  0.7638167024429372  2.1510125540340335  0  0  0  0
point2  1693919072.85  0.6397802844598564  2.184996734259359  0  0  0  0
point2  1693919072.98  0.5141629896172099  2.19382415755573  0  0  0  0
point2  1693919073.1  0.40433931312691995  2.1854754833787267  0  0  0  0
point2  1693919073.23  0.2822835792369536  2.1607788308334785  0  0  0  0
point2  1693919073.36  0.14959051989498032  2.1255016507501625  0  0  0  0
point2  1693919073.48  0.03055628421819871  2.092527314959346  0  0  0  0
point2  1693919073.6  -0.06980242068040785  2.070360656414582  0  0  0  0
point2  1693919073.73  -0.17834864712566684  2.0619932366454212  0  0  0  0
point2  1693919073.85  -0.28667543066015966  2.057583937160922  0  0  0  0
point2  1693919073.98  -0.41492616911720354  2.061068820926699  0  0  0  0
point2  1693919074.11  -0.545733702504259  2.0617724759396614  0  0  0  0
point2  1693919074.23  -0.6613118832173002  2.0521091307383093  0  0  0  0
point2  1693919074.35  -0.7794028152101066  2.032750432959369  0  0  0  0
point2  1693919074.48  -0.9118525139162208  2.0081648112253805  0  0  0  0
point2  1693919074.6  -1.0328813277218154  1.9835167609891156  0  0  0  0
point2  1693919074.73  -1.1522599029751968  1.9580564229963995  0  0  0  0
point2  1693919074.85  -1.249022280539028  1.9501136290319694  0  0  0  0
point2  1693919074.98  -1.3481443178508021  1.955701860344248  0  0  0  0
point2  1693919075.1  -1.4440241772897042  1.9682794933568188  0  0  0  0
point2  1693919075.23  -1.5457761529433156  1.9899643900843356  0  0  0  0
point2  1693919075.35  -1.6344564280892364  2.006941217109026  0  0  0  0
point2  1693919075.48  -1.7297604630126675  2.0229282064021015  0  0  0  0
point2  1693919075.6  -1.817546772694318  2.0420092593165755  0  0  0  0
point2  1693919075.73  -1.9127213287720304  2.0709741507483406  0  0  0  0
point2  1693919075.85  -2.001941473724839  2.1043013696376915  0  0  0  0
point2  1693919075.98  -2.0804497034267744  2.1543927276366093  0  0  0  0
point2  1693919076.1  -2.131201776586119  2.208518088882684  0  0  0  0
point2  1693919076.23  -2.1553813434099687  2.2768104251012113  0  0  0  0
point2  1693919076.35  -2.1541868662403414  2.3456288550097044  0  0  0  0
point2  1693919076.48  -2.1333629548090696  2.418789774849015  0  0  0  0
point2  1693919076.61  -2.11397737810369  2.4891056976325783  0  0  0  0
point2  1693919076.73  -2.0933337155584404  2.5593238623835775  0  0  0  0
point2  1693919076.85  -2.0620079102357685  2.6423107415447147  0  0  0  0
point2  1693919076.98  -2.023600964400235  2.750562354937622  0  0  0  0
point2  1693919077.1  -1.9807150750705946  2.8548687667741657  0  0  0  0
point2  1693919077.23  -1.9233624075553402  2.9519380666576236  0  0  0  0
point2  1693919077.35  -1.8509161643513885  3.015730462103039  0  0  0  0
point2  1693919077.48  -1.760014925996445  3.0628217991587534  0  0  0  0
point2  1693919077.61  -1.6622979885924571  3.0853922078759664  0  0  0  0
point2  1693919077.73  -1.5682276145352054  3.0970992000013946  0  0  0  0
point2  1693919077.85  -1.4743228813285574  3.111737240052168  0  0  0  0
point2  1693919077.98  -1.3639173747277098  3.1357476435574605  0  0  0  0
point2  1693919078.1  -1.2488069932287884  3.1628068607284265  0  0  0  0
point2  1693919078.23  -1.1171710974251676  3.193921299889497  0  0  0  0
point2  1693919078.35  -1.0010183681682447  3.2192519221735485  0  0  0  0
point2  1693919078.48  -0.8916598750886573  3.226854965989607  0  0  0  0
point2  1693919078.6  -0.7918758843444792  3.2232001895550897  0  0  0  0
point2  1693919078.73  -0.6765740460801011  3.2062046976863128  0  0  0  0
point2  1693919078.85  -0.5670347716993075  3.1804786350074545  0  0  0  0
point2  1693919078.98  -0.4469769512688402  3.1512480534520053  0  0  0  0
point2  1693919079.1  -0.33485882316035115  3.134789249652962  0  0  0  0
point2  1693919079.23  -0.2091910178238199  3.1252496126959786  0  0  0  0
point2  1693919079.35  -0.08732734550375651  3.12116878487168  0  0  0  0
point2  1693919079.48  0.04875936869526143  3.118450566592185  0  0  0  0
point2  1693919079.6  0.17051431676869244  3.1171527694553816  0  0  0  0
point2  1693919079.73  0.294525190939982  3.113103584548624  0  0  0  0
point2  1693919079.73  0.294525190939982  3.113103584548624  0  0  0  0
point2  1693919079.86  0.41101794777886536  3.104861782322463  0  0  0  0
point2  1693919079.99  0.5317864829058842  3.089565614728995  0  0  0  0
point2  1693919080.11  0.6460625088109784  3.0755721652131855  0  0  0  0
point2  1693919080.23  0.7503885403282303  3.070134759269182  0  0  0  0
point2  1693919080.36  0.8594595922435827  3.08066070573708  0  0  0  0
point2  1693919080.48  0.9693938233382925  3.103012076233569  0  0  0  0
point2  1693919080.61  1.096634101234558  3.1402979372412303  0  0  0  0
point2  1693919080.74  1.2193260976210099  3.186971489188916  0  0  0  0
point2  1693919080.86  1.3226001643489746  3.2189234794779265  0  0  0  0
point2  1693919080.98  1.4261514909997302  3.2422891790261485  0  0  0  0
point2  1693919081.11  1.5473019890467725  3.2756770964397974  0  0  0  0
point2  1693919081.24  1.6648498333409474  3.315043027158487  0  0  0  0
point2  1693919081.36  1.7581710733199836  3.3637342964952652  0  0  0  0
point2  1693919081.48  1.8374280035163344  3.4188597727768455  0  0  0  0
point2  1693919081.61  1.9120819206591033  3.4942449712532726  0  0  0  0
point2  1693919081.73  1.964779058842748  3.579589425024367  0  0  0  0
point2  1693919081.86  2.001306044218823  3.6798415047997457  0  0  0  0
point2  1693919081.98  2.02604961174371  3.760935325451956  0  0  0  0
point2  1693919082.11  2.0558144346086182  3.8405587289359304  0  0  0  0
point2  1693919082.23  2.0810421807631196  3.920737838028454  0  0  0  0
point2  1693919082.36  2.1045330761675722  4.022394457296664  0  0  0  0
point2  1693919082.48  2.1164880460923925  4.124483228823743  0  0  0  0
point2  1693919082.61  2.1081359525108145  4.231920197122059  0  0  0  0
point2  1693919082.73  2.0849766750946666  4.326018920843199  0  0  0  0
point2  1693919082.86  2.0314988108966774  4.413862576548478  0  0  0  0
point2  1693919082.98  1.9609691624674106  4.4764709449621725  0  0  0  0
point2  1693919083.11  1.8748499782960104  4.534009133980323  0  0  0  0
point2  1693919083.23  1.804237508839973  4.592049111027086  0  0  0  0
point2  1693919083.36  1.7290985505640961  4.6632381363584  0  0  0  0
point2  1693919083.48  1.6520593939264012  4.732997051365099  0  0  0  0
point2  1693919083.61  1.5608761677004666  4.81065753320833  0  0  0  0
point2  1693919083.73  1.4695296396568682  4.878995096620825  0  0  0  0
point2  1693919083.86  1.3674629248172179  4.940047592102926  0  0  0  0
point2  1693919083.98  1.267936426940068  4.981866329164687  0  0  0  0
point2  1693919084.11  1.1485009599619074  5.015408814988979  0  0  0  0
point2  1693919084.23  1.0288735765085257  5.034070174502141  0  0  0  0
point2  1693919084.36  0.8968959128043645  5.046955886353151  0  0  0  0
point2  1693919084.49  0.7791830115069506  5.0714553343644155  0  0  0  0
point2  1693919084.61  0.6765913087847757  5.09653007305783  0  0  0  0
point2  1693919084.73  0.5747939720406228  5.127362413722877  0  0  0  0
point2  1693919084.86  0.46103071549307756  5.16515282710767  0  0  0  0
point2  1693919084.98  0.3522325904441828  5.193739999541398  0  0  0  0
point2  1693919085.11  0.23643089053250937  5.208614377795365  0  0  0  0
point2  1693919085.23  0.12826027179679889  5.208077834898734  0  0  0  0
point2  1693919085.36  0.00649564562163632  5.197778711761634  0  0  0  0
point2  1693919085.49  -0.11849776286432823  5.17801087308715  0  0  0  0
point2  1693919085.61  -0.22312680188602968  5.161223573435047  0  0  0  0
point2  1693919085.73  -0.31654948869859534  5.15852377292229  0  0  0  0
point2  1693919085.86  -0.42862352932859266  5.163186274356674  0  0  0  0
point2  1693919085.98  -0.5373880171516197  5.1738182182356605  0  0  0  0
point2  1693919086.11  -0.6592755284384086  5.195741612038855  0  0  0  0
point2  1693919086.24  -0.7778356620248231  5.216829978400307  0  0  0  0
point2  1693919086.36  -0.88750739816861  5.230976260218167  0  0  0  0
point2  1693919086.48  -1.001671080834243  5.2420523820460545  0  0  0  0
point2  1693919086.61  -1.129853924374272  5.25671802123357  0  0  0  0
point2  1693919086.73  -1.2443701352058825  5.269121952661149  0  0  0  0
point2  1693919086.86  -1.3538290515875642  5.290722706239862  0  0  0  0
point2  1693919086.98  -1.4418968087498656  5.324094865170833  0  0  0  0
point2  1693919087.11  -1.5246467541263737  5.380410473420338  0  0  0  0
point2  1693919087.23  -1.5881909961277927  5.442786763860655  0  0  0  0
point2  1693919087.36  -1.643121414368238  5.509375164251728  0  0  0  0
point2  1693919087.48  -1.6907121399638287  5.565953054852394  0  0  0  0
point2  1693919087.61  -1.736920148067679  5.635191074998727  0  0  0  0
point2  1693919087.73  -1.7746939018485757  5.7046421994209995  0  0  0  0
point2  1693919087.86  -1.7958614120955882  5.777756864573394  0  0  0  0
point2  1693919087.98  -1.7904679482004586  5.834574268016206  0  0  0  0
point2  1693919088.11  -1.7576714066954593  5.87860866590307  0  0  0  0
point2  1693919088.23  -1.7012287302707099  5.909595586154836  0  0  0  0
point2  1693919088.36  -1.6163725160945572  5.935402248932368  0  0  0  0
point2  1693919088.48  -1.52731549649599  5.955830528714452  0  0  0  0
point2  1693919088.61  -1.4312552092325261  5.97016736023479  0  0  0  0
point2  1693919088.74  -1.3280783485657128  5.988551243024315  0  0  0  0
point2  1693919088.86  -1.2199165897009818  6.0127666574060905  0  0  0  0
point2  1693919088.98  -1.0948372447231565  6.045702403522192  0  0  0  0
point2  1693919089.11  -0.950842479788473  6.08287283761214  0  0  0  0
point2  1693919089.23  -0.8341367910494892  6.097393925819659  0  0  0  0
point2  1693919089.36  -0.7094219568460477  6.09465702766843  0  0  0  0
point2  1693919089.48  -0.593362357376598  6.081970915901398  0  0  0  0
point2  1693919089.61  -0.46511489274836215  6.055213042361312  0  0  0  0
point2  1693919089.73  -0.34818678879063153  6.0212994845508305  0  0  0  0
point2  1693919089.86  -0.22410687832676857  6.003475987244592  0  0  0  0
point2  1693919089.98  -0.10358559205854623  5.997619231157095  0  0  0  0
point2  1693919090.11  0.039848415065659615  5.994214034327985  0  0  0  0
point2  1693919090.23  0.17873078458749858  5.99382109666454  0  0  0  0
point2  1693919090.36  0.31471519979591633  5.987338179790487  0  0  0  0
point2  1693919090.49  0.43678077115116554  5.970574144902402  0  0  0  0
point2  1693919090.61  0.5488559758991464  5.955951817498136  0  0  0  0
point2  1693919090.73  0.6627553917949139  5.942522558809724  0  0  0  0
point2  1693919090.86  0.7943925700422739  5.9359492788318375  0  0  0  0
point2  1693919090.98  0.9080159984983324  5.947686535118987  0  0  0  0
point2  1693919091.11  1.0120884249377142  5.978794827049763  0  0  0  0
point2  1693919091.24  1.0968026914518263  6.0303022855364  0  0  0  0
point2  1693919091.36  1.1596971995769432  6.094935840368693  0  0  0  0
point2  1693919091.48  1.2135617231549554  6.182510354188498  0  0  0  0
point2  1693919091.61  1.2616070279273246  6.299339403775487  0  0  0  0
point2  1693919091.73  1.3073918807249518  6.401256207103074  0  0  0  0
point2  1693919091.86  1.355298756790672  6.477323198862003  0  0  0  0
point2  1693919091.98  1.4025076617046852  6.529431031394651  0  0  0  0
point2  1693919092.11  1.4646888868834016  6.583806152810816  0  0  0  0
point2  1693919092.23  1.5269673731442122  6.637241908394269  0  0  0  0
point2  1693919092.24  1.5327960604410145  6.642344432510681  0  0  0  0
point2  1693919092.36  1.6063327964767198  6.705180376760051  0  0  0  0
point2  1693919092.49  1.6895968866733733  6.786961503250503  0  0  0  0
point2  1693919092.61  1.7466197296047172  6.866194590554128  0  0  0  0
point2  1693919092.74  1.7689757466837281  6.93783383226985  0  0  0  0
point2  1693919092.86  1.7575506275060846  6.9931886283546145  0  0  0  0
point2  1693919092.99  1.7085304402626618  7.045728453560972  0  0  0  0
point2  1693919093.11  1.6328877072688421  7.088619861682568  0  0  0  0
point2  1693919093.24  1.5476553946145242  7.133231063244931  0  0  0  0
point2  1693919093.36  1.489070012244361  7.180970248201791  0  0  0  0
point2  1693919093.49  1.4219617831286042  7.233308575477288  0  0  0  0
point2  1693919093.61  1.3462423878128584  7.281741675931588  0  0  0  0
point2  1693919093.74  1.2572597290487832  7.336101773065334  0  0  0  0
point2  1693919093.86  1.1720572064485417  7.384032765023745  0  0  0  0
point2  1693919093.99  1.0756066597654175  7.419942523032196  0  0  0  0
point2  1693919094.11  0.9811377803107183  7.436011235226775  0  0  0  0
point2  1693919094.24  0.8683604976469633  7.435674453042884  0  0  0  0
point2  1693919094.36  0.753164578182743  7.424946959517534  0  0  0  0
point2  1693919094.49  0.6225027756212705  7.407464539216073  0  0  0  0
point2  1693919094.61  0.5134908679004839  7.3935618656064825  0  0  0  0
point2  1693919094.74  0.39920918519482695  7.388520129531919  0  0  0  0
point2  1693919094.86  0.2853545426072717  7.384576586129153  0  0  0  0
point2  1693919094.99  0.1560035144465048  7.382173288234455  0  0  0  0
point2  1693919095.12  0.02766913255439811  7.378649139409189  0  0  0  0
point2  1693919095.24  -0.08789361255045561  7.36265903018106  0  0  0  0
point2  1693919095.36  -0.21467000016851184  7.332132672069375  0  0  0  0
point2  1693919095.49  -0.38752055340813757  7.282405509642775  0  0  0  0
point2  1693919095.61  -0.5159633224228578  7.239395562955309  0  0  0  0
point2  1693919095.74  -0.6405398720046258  7.201495763561897  0  0  0  0
point2  1693919095.86  -0.7368615331872044  7.183045723442875  0  0  0  0
point2  1693919095.99  -0.8377112414497276  7.175397455481356  0  0  0  0
point2  1693919096.12  -0.935886482030268  7.178434189114879  0  0  0  0
point2  1693919096.24  -1.0203860101862077  7.176996924438926  0  0  0  0
point2  1693919096.37  -1.107042524759707  7.161548639036403  0  0  0  0
point2  1693919096.49  -1.1847977001015133  7.131617895014824  0  0  0  0
point2  1693919096.61  -1.252627564462971  7.081763364934158  0  0  0  0
point2  1693919096.74  -1.3200410209841056  7.017914373239534  0  0  0  0
point2  1693919096.86  -1.3739709061828038  6.969169464994072  0  0  0  0
point2  1693919096.99  -1.432357175208661  6.941983766928233  0  0  0  0
point2  1693919097.11  -1.4843541160652074  6.93096541410242  0  0  0  0
point2  1693919097.24  -1.5453816650323586  6.9358989095764  0  0  0  0
point2  1693919097.37  -1.6062246971187708  6.951421461356161  0  0  0  0
point2  1693919097.49  -1.65172117315742  6.965047755485101  0  0  0  0
point2  1693919097.61  -1.6811087553160586  6.960037452234123  0  0  0  0
point2  1693919097.74  -1.684569287802862  6.930636176006846  0  0  0  0
point2  1693919097.86  -1.6588565593484128  6.887520951132469  0  0  0  0
point2  1693919097.99  -1.6129008294154459  6.830522208148759  0  0  0  0
point2  1693919098.11  -1.566198330591761  6.7755537282739375  0  0  0  0
point2  1693919098.24  -1.5301168958130709  6.725465302943692  0  0  0  0
point2  1693919098.36  -1.5040374192124903  6.669986899692944  0  0  0  0
point2  1693919098.49  -1.4971715836023904  6.599931876533124  0  0  0  0
point2  1693919098.61  -1.5097759350075408  6.544292783138823  0  0  0  0
point2  1693919098.74  -1.5357404764730336  6.501254648641168  0  0  0  0
point2  1693919098.86  -1.5540833498098352  6.472501562222422  0  0  0  0
point2  1693919098.99  -1.5655785331517027  6.4342268190667005  0  0  0  0
point2  1693919099.11  -1.571842299546499  6.392144577390192  0  0  0  0
point2  1693919099.24  -1.5698747677304192  6.332563249215381  0  0  0  0
point2  1693919099.36  -1.5573166039511719  6.2522805087388  0  0  0  0
point2  1693919099.49  -1.541268300306974  6.134383159203729  0  0  0  0
point2  1693919099.61  -1.5392232870670723  6.038871087866366  0  0  0  0
point2  1693919099.74  -1.5366982937769322  5.985104039372281  0  0  0  0
point2  1693919099.86  -1.5358645673193099  5.969558469991484  0  0  0  0
point2  1693919099.99  -1.5490605690136188  5.954006891672722  0  0  0  0
point2  1693919100.11  -1.5873443066920967  5.9392387396388715  0  0  0  0
point2  1693919100.24  -1.640246863770778  5.933422373160649  0  0  0  0
point2  1693919100.36  -1.7023770263639693  5.943425279727675  0  0  0  0
point2  1693919100.49  -1.789140277340511  5.970717157924906  0  0  0  0
point2  1693919100.61  -1.868991300349165  5.9949345197227455  0  0  0  0
point2  1693919100.74  -1.9457207797567782  5.995048894028621  0  0  0  0
point2  1693919100.86  -2.008317681547601  5.976428244748593  0  0  0  0
point2  1693919100.99  -2.0692189562213343  5.942739331161159  0  0  0  0
point2  1693919101.11  -2.1190534430668713  5.89255127005791  0  0  0  0
point2  1693919101.24  -2.153534795260546  5.810165709179663  0  0  0  0
point2  1693919101.37  -2.1721271286814017  5.720895283213613  0  0  0  0
point2  1693919101.49  -2.181734202911915  5.654974559250641  0  0  0  0
point2  1693919101.61  -2.1971565162267495  5.603171883452302  0  0  0  0
point2  1693919101.74  -2.2197244954310533  5.542221672654526  0  0  0  0
point2  1693919101.87  -2.2485006516847204  5.46772887153985  0  0  0  0
point2  1693919101.99  -2.280776198392957  5.391532381698592  0  0  0  0
point2  1693919102.12  -2.305560601893346  5.303629207167737  0  0  0  0
point2  1693919102.24  -2.3049805188431196  5.220428876035612  0  0  0  0
point2  1693919102.37  -2.2793448648194445  5.130182067725838  0  0  0  0
point2  1693919102.49  -2.2406006871334685  5.0394382681623195  0  0  0  0
point2  1693919102.61  -2.1902581388623346  4.944133220060458  0  0  0  0
point2  1693919102.74  -2.1325010277641723  4.8567800390936835  0  0  0  0
point2  1693919102.86  -2.0975971254326398  4.774779295862905  0  0  0  0
point2  1693919102.99  -2.0648462599071205  4.678209954733058  0  0  0  0
point2  1693919103.11  -2.0275893902523436  4.57402870000528  0  0  0  0
point2  1693919103.24  -1.9826941736966268  4.448732262989056  0  0  0  0
point2  1693919103.37  -1.9261910610816875  4.338801863702345  0  0  0  0
point2  1693919103.49  -1.8626192233829961  4.2537740979974945  0  0  0  0
point2  1693919103.61  -1.7895579694580221  4.1807712358928155  0  0  0  0
point2  1693919103.74  -1.7002806935446828  4.101445569953684  0  0  0  0
point2  1693919103.86  -1.6101650830269576  4.035046458959191  0  0  0  0
point2  1693919103.99  -1.5231544752239123  3.976280367028305  0  0  0  0
point2  1693919104.12  -1.4579822694586342  3.9069278867791875  0  0  0  0
point2  1693919104.24  -1.395213348108525  3.837678699353247  0  0  0  0
point2  1693919104.36  -1.3215054519483986  3.7589875979398726  0  0  0  0
point2  1693919104.49  -1.2359613858926244  3.6619775649778634  0  0  0  0
point2  1693919104.61  -1.1561418983189569  3.575207973264902  0  0  0  0
point2  1693919104.74  -1.0689487778005415  3.4937497106138555  0  0  0  0
point2  1693919104.75  -1.0619895895185532  3.4880651322578133  0  0  0  0
point2  1693919104.87  -0.9753652789614661  3.4175500933510574  0  0  0  0
point2  1693919104.99  -0.8769271741862029  3.3343716179880767  0  0  0  0
point2  1693919105.12  -0.7645137726035492  3.2354267410349182  0  0  0  0
point2  1693919105.24  -0.6705668007643628  3.1435286816005235  0  0  0  0
point2  1693919105.37  -0.6032440230156817  3.0326928824443535  0  0  0  0
point2  1693919105.49  -0.5464499785261597  2.9241613822738146  0  0  0  0
point2  1693919105.62  -0.4960373436169336  2.794650782853729  0  0  0  0
point2  1693919105.74  -0.44966984161542817  2.6669919302616023  0  0  0  0
point2  1693919105.87  -0.384016649527818  2.553261751195723  0  0  0  0
point2  1693919105.99  -0.31439197072867187  2.4576507493251514  0  0  0  0
point2  1693919106.12  -0.23448203911232912  2.3402333285185466  0  0  0  0
point2  1693919106.25  -0.15210541892702198  2.207951106641217  0  0  0  0
point2  1693919106.37  -0.08555584271700997  2.0875077621759233  0  0  0  0
point2  1693919106.5  -0.047484687463777125  1.9630442955577503  0  0  0  0
point2  1693919106.62  -0.028968607095675343  1.846495040795947  0  0  0  0
point2  1693919106.75  -0.021612847398660213  1.7066546556962074  0  0  0  0
point2  1693919106.87  -0.021450306127728545  1.5679112492800948  0  0  0  0
point2  1693919106.99  -0.012622083465348332  1.4371355790798503  0  0  0  0
point2  1693919107.12  0.007209619171075804  1.2980953985530603  0  0  0  0
point2  1693919107.25  0.029806947474481173  1.1451749510083065  0  0  0  0
point2  1693919107.37  0.04838556418399719  0.9927780364348566  0  0  0  0
point2  1693919107.49  0.06669007490127464  0.8477808853326966  0  0  0  0
point2  1693919107.62  0.0725416303269127  0.6972005941109208  0  0  0  0
point2  1693919107.74  0.0628365422681028  0.5631833036328028  0  0  0  0
point2  1693919107.87  0.04531947763258534  0.4180238482513822  0  0  0  0
point2  1693919108.0  0.023988326256323696  0.25944647109210783  0  0  0  0
point2  1693919108.12  0.02627968345965135  0.11202638271059243  0  0  0  0
point2  1693919108.24  0.05692462764257575  -0.032907093159896206  0  0  0  0
point2  1693919108.37  0.09703692379473515  -0.2078759383039004  0  0  0  0
point2  1693919108.5  0.1276655109503127  -0.40571948148968096  0  0  0  0
point2  1693919108.62  0.147602865266395  -0.6010603875218254  0  0  0  0
point2  1693919108.74  0.1566320009285461  -0.7691875084093495  0  0  0  0
point2  1693919108.87  0.1657264651496965  -0.9103211058898039  0  0  0  0
point2  1693919108.99  0.1776738761427912  -1.0239469928390315  0  0  0  0
point2  1693919109.12  0.18397905811001003  -1.1446325976161655  0  0  0  0
point2  1693919109.25  0.19245017960828517  -1.2493041619876055  0  0  0  0
point2  1693919109.37  0.1937810725094804  -1.3319745426262606  0  0  0  0
point2  1693919109.49  0.18223090432418898  -1.4005553557222006  0  0  0  0
point2  1693919109.62  0.16872381692289365  -1.4442729592992476  0  0  0  0
point2  1693919109.74  0.15582238047518057  -1.4687044148857331  0  0  0  0
point2  1693919109.87  0.14319484447427938  -1.4937099814185253  0  0  0  0
point2  1693919110.0  0.1324079000275351  -1.4962425929364263  0  0  0  0
point2  1693919110.12  0.12796325653738494  -1.4935396841234894  0  0  0  0
point2  1693919110.24  0.12724686488473422  -1.4941767841715068  0  0  0  0
point2  1693919110.37  0.12718857635285472  -1.4941076965978835  0  0  0  0
point2  1693919110.49  0.12718124221348936  -1.4941126278947385  0  0  0  0
point2  1693919110.62  0.12720682636075417  -1.494110424787163  0  0  0  0
point2  1693919110.74  0.1272053593725239  -1.494101708878944  0  0  0  0
point2  1693919110.87  0.12719164993567034  -1.4940960577184654  0  0  0  0
point2  1693919110.99  0.12714272818757963  -1.4940815189217798  0  0  0  0
point2  1693919111.12  0.12700368206066587  -1.4939927119619105  0  0  0  0
point2  1693919111.24  0.12680725445266086  -1.4938685601557036  0  0  0  0
point2  1693919111.37  0.12679872766612768  -1.4938696821101545  0  0  0  0
point2  1693919111.49  0.12679447237123945  -1.4938700125308444  0  0  0  0
point2  1693919111.62  0.12679758187267062  -1.4938738752856844  0  0  0  0
point2  1693919111.74  0.12679836625404475  -1.4938713421707088  0  0  0  0
point2  1693919111.87  0.12679822535248067  -1.4938732482439  0  0  0  0
point2  1693919111.99  0.12678882628621352  -1.4938677675759175  0  0  0  0
point2  1693919112.12  0.12679849782670471  -1.49387181999065  0  0  0  0
point2  1693919112.24  0.1268186490130083  -1.4938728668152297  0  0  0  0
point2  1693919112.37  0.12685265299752002  -1.4938888258409335  0  0  0  0
point2  1693919112.49  0.1269967315696466  -1.4939873246134674  0  0  0  0
point2  1693919112.62  0.1272021434391518  -1.4941195675090184  0  0  0  0
point2  1693919112.75  0.12719613308194946  -1.4941096769954445  0  0  0  0
point2  1693919112.87  0.12719411766491132  -1.4941097451977674  0  0  0  0
point2  1693919112.99  0.1271758601453752  -1.4941177894197222  0  0  0  0
point2  1693919113.12  0.12717945961103336  -1.4941094985331398  0  0  0  0
point2  1693919113.25  0.1271940180321226  -1.494113495235915  0  0  0  0
point2  1693919113.37  0.12721639492412584  -1.4941187498448896  0  0  0  0
point2  1693919113.49  0.12721301053898854  -1.4941191052662066  0  0  0  0
point2  1693919113.62  0.12718139005732884  -1.494102284194348  0  0  0  0
point2  1693919113.74  0.12717270193070504  -1.4941001545728043  0  0  0  0
point2  1693919113.87  0.12719371092865714  -1.4941115236946285  0  0  0  0
point2  1693919113.99  0.12720237704257464  -1.494105579356255  0  0  0  0
point2  1693919114.12  0.12720477858832066  -1.4941108336317674  0  0  0  0
point2  1693919114.24  0.12719848231548056  -1.4941145112699172  0  0  0  0
point2  1693919114.37  0.12718830531736003  -1.4941020979164117  0  0  0  0
point2  1693919114.49  0.12717676501758454  -1.4941134521766797  0  0  0  0
point2  1693919114.62  0.12715882279607124  -1.4941070679755912  0  0  0  0
point2  1693919114.74  0.12719734338736582  -1.4941150141636699  0  0  0  0
point2  1693919114.87  0.12720706755140412  -1.4941212335494927  0  0  0  0
point2  1693919114.99  0.1271855673608699  -1.494121975872758  0  0  0  0
point2  1693919119.99  0.12721801663806354  -1.4941172490169052  0  0  0  0
point2  1693919124.99  0.12713991091949808  -1.4940774034031985  0  0  0  0
point2  1693919129.99  0.12718607667228063  -1.4941190074177153  0  0  0  0
point2  1693919134.99  0.1271952550651123  -1.4941081021782208  0  0  0  0
point2  1693919139.99  0.127195389  -1.4941079099999999  0  0  0  0
point2  1693919144.99  0.127195389  -1.4941079099999999  0  0  0  0
point2  1693919149.99  0.127195389  -1.4941079099999999  0  0  0  0
point2  1693919154.99  0.127195389  -1.4941079099999999  0  0  0  0
point2  1693919159.99  0.127195389  -1.4941079099999999  0  0  0  0
point2  1693919164.99  0.127195389  -1.4941079099999999  0  0  0  0
point2  1693919169.99  0.127195389  -1.4941079099999999  0  0  0  0
point2  1693919174.99  0.127195389  -1.4941079099999999  0  0  0  0
point2  1693919179.99  0.127195389  -1.4941079099999999  0  0  0  0
point2  1693919184.99  0.127195389  -1.4941079099999999  0  0  0  0
point2  1693919189.99  0.127195389  -1.4941079099999999  0  0  0  0
point2  1693919194.99  0.127195389  -1.4941079099999999  0  0  0  0
point2  1693919199.99  0.127195389  -1.4941079099999999  0  0  0  0
point2  1693919204.99  0.127195389  -1.4941079099999999  0  0  0  0
point2  1693919205.0  0.127195389  -1.4941079099999999  0  0  0  0
point2  1693919210.0  0.127195389  -1.4941079099999999  0  0  0  0
point2  1693919214.99  0.127195389  -1.4941079099999999  0  0  0  0
point2  1693919220.0  0.127195389  -1.4941079099999999  0  0  0  0
point2  1693919225.0  0.127195389  -1.4941079099999999  0  0  0  0
point2  1693919230.0  0.127195389  -1.4941079099999999  0  0  0  0
point2  1693919234.99  0.127195389  -1.4941079099999999  0  0  0  0
point2  1693919239.99  0.127195389  -1.4941079099999999  0  0  0  0
point2  1693919244.99  0.127195389  -1.4941079099999999  0  0  0  0
point2  1693919250.0  0.127195389  -1.4941079099999999  0  0  0  0
point2  1693919254.99  0.127195389  -1.4941079099999999  0  0  0  0
point2  1693919260.0  0.127195389  -1.4941079099999999  0  0  0  0
point2  1693919265.0  0.127195389  -1.4941079099999999  0  0  0  0
point2  1693919269.99  0.127195389  -1.4941079099999999  0  0  0  0
point2  1693919274.99  0.127195389  -1.4941079099999999  0  0  0  0
point2  1693919279.99  0.127195389  -1.4941079099999999  0  0  0  0
point2  1693919285.0  0.127195389  -1.4941079099999999  0  0  0  0
point2  1693919289.99  0.127195389  -1.4941079099999999  0  0  0  0
point2  1693919294.99  0.127195389  -1.4941079099999999  0  0  0  0
point2  1693919300.0  0.127195389  -1.4941079099999999  0  0  0  0
point2  1693919305.0  0.127195389  -1.4941079099999999  0  0  0  0
point2  1693919309.99  0.127195389  -1.4941079099999999  0  0  0  0
point2  1693919314.99  0.127195389  -1.4941079099999999  0  0  0  0
point2  1693919320.0  0.127195389  -1.4941079099999999  0  0  0  0
point2  1693919324.99  0.127195389  -1.4941079099999999  0  0  0  0
point2  1693919329.99  0.127195389  -1.4941079099999999  0  0  0  0
point2  1693919334.99  0.127195389  -1.4941079099999999  0  0  0  0
point2  1693919339.99  0.127195389  -1.4941079099999999  0  0  0  0
point2  1693919344.99  0.127195389  -1.4941079099999999  0  0  0  0
point2  1693919350.0  0.127195389  -1.4941079099999999  0  0  0  0
point2  1693919354.99  0.127195389  -1.4941079099999999  0  0  0  0
point2  1693919359.99  0.127195389  -1.4941079099999999  0  0  0  0
point2  1693919364.99  0.127195389  -1.4941079099999999  0  0  0  0
point2  1693919369.99  0.127195389  -1.4941079099999999  0  0  0  0
point2  1693919374.99  0.127195389  -1.4941079099999999  0  0  0  0
point2  1693919379.99  0.127195389  -1.4941079099999999  0  0  0  0
point2  1693919384.99  0.127195389  -1.4941079099999999  0  0  0  0
point2  1693919389.99  0.127195389  -1.4941079099999999  0  0  0  0
point2  1693919394.99  0.127195389  -1.4941079099999999  0  0  0  0
point2  1693919399.99  0.127195389  -1.4941079099999999  0  0  0  0
point2  1693919404.99  0.127195389  -1.4941079099999999  0  0  0  0
point2  1693919409.99  0.127195389  -1.4941079099999999  0  0  0  0
point2  1693919414.99  0.127195389  -1.4941079099999999  0  0  0  0
point2  1693919419.99  0.127195389  -1.4941079099999999  0  0  0  0
point2  1693919424.99  0.127195389  -1.4941079099999999  0  0  0  0
point2  1693919429.99  0.127195389  -1.4941079099999999  0  0  0  0
point2  1693919434.99  0.127195389  -1.4941079099999999  0  0  0  0
point2  1693919439.99  0.127195389  -1.4941079099999999  0  0  0  0
point2  1693919444.99  0.127195389  -1.4941079099999999  0  0  0  0
point2  1693919449.99  0.127195389  -1.4941079099999999  0  0  0  0
point2  1693919454.99  0.127195389  -1.4941079099999999  0  0  0  0
point2  1693919459.99  0.127195389  -1.4941079099999999  0  0  0  0
point2  1693919464.99  0.127195389  -1.4941079099999999  0  0  0  0
point2  1693919469.99  0.127195389  -1.4941079099999999  0  0  0  0
point2  1693919474.99  0.127195389  -1.4941079099999999  0  0  0  0
point2  1693919479.99  0.127195389  -1.4941079099999999  0  0  0  0
point2  1693919484.99  0.127195389  -1.4941079099999999  0  0  0  0
point2  1693919489.99  0.127195389  -1.4941079099999999  0  0  0  0
point2  1693919494.99  0.127195389  -1.4941079099999999  0  0  0  0
