pseudorange2  1693919034.97  0.01  0.01  -7.811  -0.231  00:11:CE:01:65:2B
pseudorange2  1693919034.97  0.465349487029016  0.01  -7.366  3.455  00:11:CE:01:65:2D
pseudorange2  1693919034.97  6.978005048353225  0.01  0.56  -6.661  00:11:CE:01:75:87
pseudorange2  1693919034.97  1.0727648029569536  0.01  -5.446  -2.948  00:11:CE:01:64:84
pseudorange2  1693919034.97  3.628831095993519  0.01  0.574  3.359  00:11:CE:01:65:24
pseudorange2  1693919034.97  5.48687315848656  0.01  -7.551  -7.238  00:11:CE:01:65:25
pseudorange2  1693919034.97  4.729561613406986  0.01  0.797  -3.087  00:11:CE:01:69:AC
pseudorange2  1693919034.97  7.068613962968811  0.01  0.851  -6.702  00:11:CE:01:65:26
pseudorange2  1693919035.09  0.01  0.01  -7.811  -0.231  00:11:CE:01:65:2B
pseudorange2  1693919035.09  0.465349487029016  0.01  -7.366  3.455  00:11:CE:01:65:2D
pseudorange2  1693919035.09  3.8022185252048075  0.01  0.574  3.359  00:11:CE:01:65:24
pseudorange2  1693919035.09  7.017157048918307  0.01  0.56  -6.661  00:11:CE:01:75:87
pseudorange2  1693919035.09  1.072764802724123  0.01  -5.446  -2.948  00:11:CE:01:64:84
pseudorange2  1693919035.09  4.83583132782951  0.01  0.797  -3.087  00:11:CE:01:69:AC
pseudorange2  1693919035.09  13.628251924645156  0.01  8.562  -7.597  00:11:CE:01:75:C6
pseudorange2  1693919035.09  5.4589074440300465  0.01  -7.551  -7.238  00:11:CE:01:65:25
pseudorange2  1693919035.46  0.01  0.01  -7.811  -0.231  00:11:CE:01:65:2B
pseudorange2  1693919035.46  0.8400900596752763  0.01  -7.366  3.455  00:11:CE:01:65:2D
pseudorange2  1693919035.46  4.512547670863569  0.01  0.574  3.359  00:11:CE:01:65:24
pseudorange2  1693919035.46  1.2070002323016524  0.01  -5.446  -2.948  00:11:CE:01:64:84
pseudorange2  1693919035.46  5.553990873508155  0.01  -7.551  -7.238  00:11:CE:01:65:25
pseudorange2  1693919035.46  14.109262212179601  0.01  8.562  -7.597  00:11:CE:01:75:C6
pseudorange2  1693919035.46  5.277689614333212  0.01  0.797  -3.087  00:11:CE:01:69:AC
pseudorange2  1693919035.46  7.391897621564567  0.01  0.56  -6.661  00:11:CE:01:75:87